WG_METRICS_HEADER frame,gpu_frame_ms,reset_ms,reset_barrier_ms,compute_ms,metrics_copy_ms,render_ms,edges,vertices,edges_per_ms,vertices_per_ms,q1_enq_ok,q1_enq_cas_fail,q1_enq_full,q1_deq_ok,q1_deq_cas_fail,q1_deq_empty,q1_ready_cas_fail,q1_ready_max_spin,q1_high_water,q2_enq_ok,q2_enq_cas_fail,q2_enq_full,q2_deq_ok,q2_deq_cas_fail,q2_deq_empty,q2_ready_cas_fail,q2_ready_max_spin,q2_high_water,node_a_seed,node_b_tasks,node_b_subdivide,node_b_final,node_c_output,stop_writes
WG_METRICS 30,46.1468,0.0080,0.0074,46.0813,0.0221,0.0280,196608,393216,4266.5483,8533.0967,262143,3457616,0,262143,39379585,34976,31,1,99047,196608,537057,0,196608,14040192,23582688,79290,16,185,3,262143,65535,196608,196608,1
WG_METRICS 60,45.1948,0.0080,0.0074,45.1310,0.0221,0.0262,196608,393216,4356.3809,8712.7617,262143,3019686,0,262143,39166241,38848,22,1,91535,196608,530728,0,196608,14021504,21606752,68270,18,233,3,262143,65535,196608,196608,1
WG_METRICS 90,46.9687,0.0081,0.0074,46.8062,0.1185,0.0285,196608,393216,4200.4692,8400.9385,262143,2970769,0,262143,40653313,43552,35,2,91441,196608,490031,0,196608,14232224,23776800,102173,16,84,3,262143,65535,196608,196608,1
WG_METRICS 120,44.9856,0.0080,0.0074,44.9209,0.0221,0.0272,196608,393216,4376.7578,8753.5156,262143,3162219,0,262143,38719617,39872,43,3,90999,196608,524096,0,196608,13867168,21973472,81569,17,204,3,262143,65535,196608,196608,1
WG_METRICS 150,46.3260,0.0081,0.0074,46.2610,0.0221,0.0274,196608,393216,4249.9727,8499.9453,262143,3050800,0,262143,40528033,34336,99,4,96931,196608,498329,0,196608,13930016,22855776,83263,18,148,3,262143,65535,196608,196608,1
WG_METRICS 180,45.6353,0.0081,0.0074,45.1873,0.4042,0.0283,196608,393216,4350.9551,8701.9102,262143,2986700,0,262143,39254561,34816,34,1,95895,196608,521718,0,196608,14040992,21502752,68554,18,238,3,262143,65535,196608,196608,1
WG_METRICS 210,49.5977,0.0081,0.0074,49.5320,0.0220,0.0282,196608,393216,3969.3127,7938.6255,262143,3346882,0,262143,42723393,42080,202,11,111227,196608,473122,0,196608,14385344,27442784,95277,24,106,3,262143,65535,196608,196608,1
WG_METRICS 240,46.4983,0.0081,0.0074,46.4377,0.0178,0.0274,196608,393216,4233.7993,8467.5986,262143,3187361,0,262143,39555745,44768,107,8,99237,196608,521108,0,196608,14066080,24696384,90434,16,157,3,262143,65535,196608,196608,1
Benchmark finished
device : AMD Radeon RX 7900 XTX (driver version: 8388996)
runtime: 10.063
frames : 210
fps    : 20.868
best   : 9541.985 fps (0.105 ms)
worst  : 9.854 fps (101.478 ms)
avg    : 20.868 fps (47.920 ms)


